        2000  0.100000 2.710000
0.10000 4.61734136e-04
0.10035 4.60896204e-04
0.10069 4.59162888e-04
0.10104 4.60389976e-04
0.10139 4.63699428e-04
0.10174 4.66788467e-04
0.10210 4.68772187e-04
0.10245 4.69219879e-04
0.10280 4.69070648e-04
0.10316 4.70338928e-04
0.10352 4.71896997e-04
0.10387 4.72806473e-04
0.10423 4.74217119e-04
0.10459 4.75801565e-04
0.10496 4.76902909e-04
0.10532 4.78246347e-04
0.10568 4.79401891e-04
0.10605 4.80314257e-04
0.10642 4.81869075e-04
0.10679 4.83681523e-04
0.10716 4.85370756e-04
0.10753 4.87181759e-04
0.10790 4.88485811e-04
0.10827 4.89019139e-04
0.10865 4.89586071e-04
0.10902 4.90558780e-04
0.10940 4.92163823e-04
0.10978 4.94198852e-04
0.11016 4.95643101e-04
0.11054 4.96110305e-04
0.11092 4.96509217e-04
0.11131 4.97470003e-04
0.11169 4.99003501e-04
0.11208 5.00926156e-04
0.11247 5.02686211e-04
0.11286 5.03771295e-04
0.11325 5.04383755e-04
0.11364 5.05088355e-04
0.11403 5.06366391e-04
0.11443 5.08187149e-04
0.11482 5.09912516e-04
0.11522 5.10915216e-04
0.11562 5.11285221e-04
0.11602 5.11757845e-04
0.11642 5.12921700e-04
0.11682 5.14685729e-04
0.11723 5.16465296e-04
0.11763 5.17754172e-04
0.11804 5.18645220e-04
0.11845 5.19713683e-04
0.11886 5.21349077e-04
0.11927 5.23424215e-04
0.11968 5.25485260e-04
0.12010 5.27133301e-04
0.12051 5.28364725e-04
0.12093 5.29497867e-04
0.12135 5.30746996e-04
0.12177 5.32017805e-04
0.12219 5.33020867e-04
0.12262 5.33530708e-04
0.12304 5.33621041e-04
0.12347 5.33602252e-04
0.12389 5.33709929e-04
0.12432 5.33929620e-04
0.12475 5.34095472e-04
0.12518 5.34100169e-04
0.12562 5.34003332e-04
0.12605 5.33958527e-04
0.12649 5.34086439e-04
0.12693 5.34412000e-04
0.12737 5.34871255e-04
0.12781 5.35375676e-04
0.12825 5.35903584e-04
0.12869 5.36527607e-04
0.12914 5.37330489e-04
0.12959 5.38300308e-04
0.13003 5.39325772e-04
0.13048 5.40297397e-04
0.13094 5.41203260e-04
0.13139 5.42108761e-04
0.13184 5.43054732e-04
0.13230 5.43993837e-04
0.13276 5.44833937e-04
0.13322 5.45529865e-04
0.13368 5.46119200e-04
0.13414 5.46669872e-04
0.13461 5.47205007e-04
0.13507 5.47691000e-04
0.13554 5.48086299e-04
0.13601 5.48398129e-04
0.13648 5.48677801e-04
0.13695 5.48973011e-04
0.13743 5.49288093e-04
0.13790 5.49589807e-04
0.13838 5.49842740e-04
0.13886 5.50034608e-04
0.13934 5.50168301e-04
0.13982 5.50240207e-04
0.14031 5.50234425e-04
0.14079 5.50135059e-04
0.14128 5.49942468e-04
0.14177 5.49675804e-04
0.14226 5.49362528e-04
0.14275 5.49023959e-04
0.14324 5.48671297e-04
0.14374 5.48310325e-04
0.14424 5.47946463e-04
0.14474 5.47585491e-04
0.14524 5.47231023e-04
0.14574 5.46884143e-04
0.14625 5.46543405e-04
0.14675 5.46204836e-04
0.14726 5.45864099e-04
0.14777 5.45517580e-04
0.14828 5.45162751e-04
0.14879 5.44797804e-04
0.14931 5.44420933e-04
0.14983 5.44026719e-04
0.15034 5.43611185e-04
0.15087 5.43172888e-04
0.15139 5.42712549e-04
0.15191 5.42230892e-04
0.15244 5.41726471e-04
0.15297 5.41198924e-04
0.15349 5.40649697e-04
0.15403 5.40082765e-04
0.15456 5.39503187e-04
0.15509 5.38916020e-04
0.15563 5.38324879e-04
0.15617 5.37735544e-04
0.15671 5.37153797e-04
0.15725 5.36587588e-04
0.15780 5.36043420e-04
0.15834 5.35525991e-04
0.15889 5.35039636e-04
0.15944 5.34587247e-04
0.15999 5.34170629e-04
0.16055 5.33789423e-04
0.16110 5.33439652e-04
0.16166 5.33114813e-04
0.16222 5.32805512e-04
0.16278 5.32498740e-04
0.16335 5.32179683e-04
0.16391 5.31832080e-04
0.16448 5.31438227e-04
0.16505 5.30981863e-04
0.16562 5.30449619e-04
0.16619 5.29830655e-04
0.16677 5.29118105e-04
0.16734 5.28309441e-04
0.16792 5.27405385e-04
0.16851 5.26410273e-04
0.16909 5.25329887e-04
0.16967 5.24172175e-04
0.17026 5.22945448e-04
0.17085 5.21658740e-04
0.17144 5.20320361e-04
0.17204 5.18937900e-04
0.17263 5.17518944e-04
0.17323 5.16069636e-04
0.17383 5.14596119e-04
0.17443 5.13103089e-04
0.17503 5.11594884e-04
0.17564 5.10074755e-04
0.17625 5.08546676e-04
0.17686 5.07012455e-04
0.17747 5.05474259e-04
0.17808 5.03934617e-04
0.17870 5.02394615e-04
0.17932 5.00856057e-04
0.17994 4.99319668e-04
0.18056 4.97787253e-04
0.18119 4.96259536e-04
0.18182 4.94737961e-04
0.18244 4.93223252e-04
0.18308 4.91716853e-04
0.18371 4.90220211e-04
0.18435 4.88735131e-04
0.18498 4.87262697e-04
0.18562 4.85805079e-04
0.18627 4.84364443e-04
0.18691 4.82942957e-04
0.18756 4.81542429e-04
0.18821 4.80166111e-04
0.18886 4.78815808e-04
0.18951 4.77493689e-04
0.19017 4.76203007e-04
0.19083 4.74945205e-04
0.19149 4.73721731e-04
0.19215 4.72534751e-04
0.19282 4.71384265e-04
0.19348 4.70270636e-04
0.19415 4.69193140e-04
0.19483 4.68150332e-04
0.19550 4.67138960e-04
0.19618 4.66156133e-04
0.19686 4.65196432e-04
0.19754 4.64254075e-04
0.19822 4.63321835e-04
0.19891 4.62392485e-04
0.19960 4.61457355e-04
0.20029 4.60216897e-04
0.20098 4.58524412e-04
0.20168 4.56769777e-04
0.20237 4.54938540e-04
0.20307 4.53018053e-04
0.20378 4.50997839e-04
0.20448 4.48869224e-04
0.20519 4.46626428e-04
0.20590 4.44265837e-04
0.20661 4.41786007e-04
0.20733 4.39188381e-04
0.20805 4.36474768e-04
0.20877 4.33649864e-04
0.20949 4.30719089e-04
0.21021 4.27688948e-04
0.21094 4.24567028e-04
0.21167 4.21361640e-04
0.21240 4.18081817e-04
0.21314 4.14736593e-04
0.21388 4.11336085e-04
0.21462 4.07890411e-04
0.21536 4.04409325e-04
0.21611 4.00903308e-04
0.21685 3.97382115e-04
0.21760 3.93856585e-04
0.21836 3.90335392e-04
0.21911 3.86828652e-04
0.21987 3.83345399e-04
0.22063 3.80201799e-04
0.22140 3.77153952e-04
0.22216 3.74146213e-04
0.22293 3.71184003e-04
0.22370 3.68273101e-04
0.22448 3.65418568e-04
0.22526 3.62624377e-04
0.22604 3.59894396e-04
0.22682 3.57232200e-04
0.22760 3.54640356e-04
0.22839 3.52120959e-04
0.22918 3.49675636e-04
0.22998 3.47305289e-04
0.23077 3.45010317e-04
0.23157 3.42790538e-04
0.23237 3.40645229e-04
0.23318 3.38572983e-04
0.23398 3.36571991e-04
0.23479 3.34639833e-04
0.23561 3.32773474e-04
0.23642 3.30969518e-04
0.23724 3.29223953e-04
0.23806 3.27532371e-04
0.23889 3.25889858e-04
0.23971 3.24291174e-04
0.24054 3.22744090e-04
0.24137 3.21236246e-04
0.24221 3.19754309e-04
0.24305 3.18291885e-04
0.24389 3.16842432e-04
0.24473 3.15399267e-04
0.24558 3.13955740e-04
0.24643 3.12505240e-04
0.24728 3.11041262e-04
0.24814 3.09557519e-04
0.24900 3.08048013e-04
0.24986 3.06507107e-04
0.25073 3.04929634e-04
0.25159 3.03310860e-04
0.25246 3.01646703e-04
0.25334 2.99933622e-04
0.25422 2.98168798e-04
0.25510 2.96350063e-04
0.25598 2.94475899e-04
0.25687 2.92545548e-04
0.25775 2.90558937e-04
0.25865 2.88516609e-04
0.25954 2.86419828e-04
0.26044 2.84334681e-04
0.26134 2.82267566e-04
0.26225 2.80154308e-04
0.26315 2.77997870e-04
0.26406 2.75801433e-04
0.26498 2.73568538e-04
0.26590 2.71302978e-04
0.26682 2.69008764e-04
0.26774 2.66689944e-04
0.26867 2.64350708e-04
0.26960 2.61995357e-04
0.27053 2.59628045e-04
0.27147 2.57252965e-04
0.27241 2.54874235e-04
0.27335 2.52495831e-04
0.27430 2.50121582e-04
0.27525 2.47755174e-04
0.27620 2.45400111e-04
0.27715 2.43059611e-04
0.27811 2.40736816e-04
0.27908 2.38434544e-04
0.28004 2.36157927e-04
0.28101 2.33960407e-04
0.28198 2.31789299e-04
0.28296 2.29646484e-04
0.28394 2.27533696e-04
0.28492 2.25452307e-04
0.28591 2.23403656e-04
0.28690 2.21388753e-04
0.28789 2.19408465e-04
0.28889 2.17463480e-04
0.28989 2.15554267e-04
0.29089 2.13681115e-04
0.29190 2.11844241e-04
0.29291 2.10043609e-04
0.29392 2.08279037e-04
0.29494 2.06550274e-04
0.29596 2.04856922e-04
0.29699 2.03198365e-04
0.29801 2.01573991e-04
0.29905 1.99983005e-04
0.30008 1.98423490e-04
0.30112 1.96882620e-04
0.30216 1.95372608e-04
0.30321 1.93892370e-04
0.30426 1.92440641e-04
0.30531 1.91016193e-04
0.30637 1.89617688e-04
0.30743 1.88243791e-04
0.30849 1.86893127e-04
0.30956 1.85564215e-04
0.31063 1.84255610e-04
0.31171 1.83699518e-04
0.31279 1.97173566e-04
0.31387 2.42910669e-04
0.31496 3.12657506e-04
0.31605 4.02478721e-04
0.31714 5.18162840e-04
0.31824 6.67169480e-04
0.31934 8.59110108e-04
0.32044 9.80920633e-04
0.32155 9.36315479e-04
0.32267 8.93821595e-04
0.32378 8.53330943e-04
0.32490 8.14740543e-04
0.32603 7.77953919e-04
0.32716 7.42879653e-04
0.32829 7.09431388e-04
0.32943 6.77526739e-04
0.33057 6.47088741e-04
0.33171 6.18044407e-04
0.33286 5.90323997e-04
0.33401 5.63863196e-04
0.33517 5.38599131e-04
0.33633 5.14474349e-04
0.33749 4.91433207e-04
0.33866 4.69423309e-04
0.33983 4.48395877e-04
0.34101 4.31901372e-04
0.34219 4.16583007e-04
0.34337 4.01799053e-04
0.34456 3.87528916e-04
0.34576 3.73752721e-04
0.34695 3.60451861e-04
0.34815 3.47608556e-04
0.34936 3.35205934e-04
0.35057 3.23227843e-04
0.35178 3.11658961e-04
0.35300 3.00484655e-04
0.35422 2.89690978e-04
0.35545 2.79264561e-04
0.35668 2.69192683e-04
0.35791 2.59463241e-04
0.35915 2.50064527e-04
0.36039 2.41959712e-04
0.36164 2.36139536e-04
0.36289 2.30438346e-04
0.36415 2.24853831e-04
0.36541 2.19383822e-04
0.36668 2.14026225e-04
0.36795 2.08779087e-04
0.36922 2.03640529e-04
0.37050 1.98608746e-04
0.37178 1.93682002e-04
0.37307 1.88858635e-04
0.37436 1.84137057e-04
0.37565 1.79515675e-04
0.37695 1.74993011e-04
0.37826 1.70567545e-04
0.37957 1.66237868e-04
0.38088 1.63265612e-04
0.38220 1.60943070e-04
0.38352 1.58638450e-04
0.38485 1.56352149e-04
0.38618 1.54084674e-04
0.38752 1.51836422e-04
0.38886 1.49607899e-04
0.39021 1.47399465e-04
0.39156 1.45211556e-04
0.39291 1.43044568e-04
0.39427 1.40898862e-04
0.39564 1.38774836e-04
0.39701 1.36672852e-04
0.39838 1.34593162e-04
0.39976 1.32536091e-04
0.40115 1.31534439e-04
0.40253 1.30747021e-04
0.40393 1.29956532e-04
0.40533 1.29163406e-04
0.40673 1.28368111e-04
0.40814 1.27571010e-04
0.40955 1.26772535e-04
0.41097 1.25973085e-04
0.41239 1.25173093e-04
0.41382 1.24372885e-04
0.41525 1.23572820e-04
0.41669 1.22773298e-04
0.41813 1.21974643e-04
0.41958 1.21177180e-04
0.42103 1.20374731e-04
0.42249 1.19571596e-04
0.42395 1.18770809e-04
0.42542 1.17972587e-04
0.42689 1.17177220e-04
0.42837 1.16384997e-04
0.42985 1.15596170e-04
0.43134 1.14810921e-04
0.43283 1.14029501e-04
0.43433 1.13252129e-04
0.43583 1.12478984e-04
0.43734 1.11710247e-04
0.43886 1.10946099e-04
0.44037 1.10186721e-04
0.44190 1.09432221e-04
0.44343 1.08682779e-04
0.44496 1.07938505e-04
0.44650 1.07199506e-04
0.44805 1.06465927e-04
0.44960 1.05737841e-04
0.45116 1.05135426e-04
0.45272 1.04578683e-04
0.45429 1.04025879e-04
0.45586 1.03477086e-04
0.45744 1.02932376e-04
0.45902 1.02391858e-04
0.46061 1.01855603e-04
0.46220 1.01323648e-04
0.46380 1.00796065e-04
0.46541 1.00272855e-04
0.46702 9.97541244e-05
0.46864 9.92398748e-05
0.47026 9.87301419e-05
0.47189 9.82249617e-05
0.47352 9.77243705e-05
0.47516 9.72283321e-05
0.47680 9.67368827e-05
0.47845 9.62500583e-05
0.48011 9.57678228e-05
0.48177 9.52901763e-05
0.48344 9.48171548e-05
0.48511 9.43487223e-05
0.48679 9.38848787e-05
0.48848 9.34256240e-05
0.49017 9.29708860e-05
0.49186 9.25207008e-05
0.49357 9.20750323e-05
0.49528 9.16338443e-05
0.49699 9.11971368e-05
0.49871 9.07648376e-05
0.50044 9.03418969e-05
0.50217 8.99375288e-05
0.50391 8.95370631e-05
0.50565 8.91404275e-05
0.50740 8.87475859e-05
0.50916 8.83585383e-05
0.51092 8.79732124e-05
0.51269 8.75916444e-05
0.51446 8.72137620e-05
0.51625 8.68394929e-05
0.51803 8.64688733e-05
0.51983 8.61018309e-05
0.52163 8.57383657e-05
0.52343 8.53783693e-05
0.52524 8.50218779e-05
0.52706 8.46687829e-05
0.52889 8.43191207e-05
0.53072 8.39727827e-05
0.53255 8.36297689e-05
0.53440 8.32900433e-05
0.53625 8.29535697e-05
0.53810 8.26202759e-05
0.53997 8.22901256e-05
0.54183 8.19631189e-05
0.54371 8.16391836e-05
0.54559 8.13182473e-05
0.54748 8.10003463e-05
0.54938 8.06853720e-05
0.55128 8.04663679e-05
0.55319 8.02951320e-05
0.55510 8.01259919e-05
0.55702 7.99589475e-05
0.55895 7.97939627e-05
0.56089 7.96310013e-05
0.56283 7.94700635e-05
0.56478 7.93110407e-05
0.56673 7.91539691e-05
0.56869 7.89988125e-05
0.57066 7.88455349e-05
0.57264 7.86940640e-05
0.57462 7.85444359e-05
0.57661 7.83965783e-05
0.57860 7.82504551e-05
0.58061 7.81060663e-05
0.58262 7.79633757e-05
0.58463 7.78223473e-05
0.58666 7.76829449e-05
0.58869 7.75451685e-05
0.59073 7.74089820e-05
0.59277 7.72743131e-05
0.59482 7.71411617e-05
0.59688 7.70095280e-05
0.59895 7.68793757e-05
0.60102 7.67502352e-05
0.60310 7.66221064e-05
0.60519 7.64954229e-05
0.60728 7.63701125e-05
0.60939 7.62461752e-05
0.61150 7.61235748e-05
0.61361 7.60023113e-05
0.61574 7.58823125e-05
0.61787 7.57635784e-05
0.62001 7.56461089e-05
0.62215 7.55298319e-05
0.62431 7.54147833e-05
0.62647 7.53008911e-05
0.62864 7.51881551e-05
0.63081 7.50765392e-05
0.63300 7.49660435e-05
0.63519 7.48566317e-05
0.63739 7.47483040e-05
0.63959 7.46409880e-05
0.64181 7.45347199e-05
0.64403 7.44294635e-05
0.64626 7.43251827e-05
0.64849 7.42218775e-05
0.65074 7.40781752e-05
0.65299 7.38514024e-05
0.65525 7.36260749e-05
0.65752 7.34022289e-05
0.65980 7.31797921e-05
0.66208 7.29587284e-05
0.66437 7.27390739e-05
0.66667 7.25207563e-05
0.66898 7.23037756e-05
0.67130 7.20881319e-05
0.67362 7.18737528e-05
0.67595 7.16606745e-05
0.67829 7.14488248e-05
0.68064 7.12382397e-05
0.68299 7.10288471e-05
0.68536 7.08206829e-05
0.68773 7.06137112e-05
0.69011 7.04078596e-05
0.69250 7.02032004e-05
0.69490 6.99996613e-05
0.69730 6.97972424e-05
0.69972 6.95959075e-05
0.70214 6.95091513e-05
0.70457 6.94378964e-05
0.70701 6.93671473e-05
0.70946 6.92968680e-05
0.71191 6.92270584e-05
0.71438 6.91577185e-05
0.71685 6.90888123e-05
0.71933 6.90203396e-05
0.72182 6.89523005e-05
0.72432 6.88846951e-05
0.72683 6.88175232e-05
0.72934 6.87507488e-05
0.73187 6.86843719e-05
0.73440 6.86184285e-05
0.73694 6.85528465e-05
0.73949 6.84876620e-05
0.74205 6.84228749e-05
0.74462 6.83584492e-05
0.74720 6.82943848e-05
0.74979 6.82306817e-05
0.75238 6.81658585e-05
0.75499 6.81013244e-05
0.75760 6.80371516e-05
0.76022 6.79734124e-05
0.76285 6.79100707e-05
0.76549 6.78470903e-05
0.76814 6.77845073e-05
0.77080 6.77222857e-05
0.77347 6.76604255e-05
0.77615 6.75989265e-05
0.77884 6.75378251e-05
0.78153 6.74770488e-05
0.78424 6.74166339e-05
0.78695 6.73565803e-05
0.78968 6.72968519e-05
0.79241 6.72374487e-05
0.79515 6.71784068e-05
0.79790 6.71196901e-05
0.80067 6.70474235e-05
0.80344 6.69319052e-05
0.80622 6.68168205e-05
0.80901 6.67021695e-05
0.81181 6.65879881e-05
0.81462 6.64742404e-05
0.81744 6.63609624e-05
0.82027 6.62481180e-05
0.82311 6.61356711e-05
0.82596 6.60236939e-05
0.82882 6.59121141e-05
0.83169 6.58009680e-05
0.83457 6.56902193e-05
0.83745 6.55799043e-05
0.84035 6.54700228e-05
0.84326 6.53605388e-05
0.84618 6.52514523e-05
0.84911 6.51427632e-05
0.85205 6.50344716e-05
0.85500 6.49266136e-05
0.85796 6.48191169e-05
0.86093 6.47120177e-05
0.86391 6.46053160e-05
0.86690 6.44990117e-05
0.86990 6.43931049e-05
0.87291 6.42875595e-05
0.87593 6.41823753e-05
0.87897 6.40776248e-05
0.88201 6.39731995e-05
0.88506 6.38691716e-05
0.88813 6.37655051e-05
0.89120 6.36621999e-05
0.89428 6.35592921e-05
0.89738 6.34567457e-05
0.90049 6.33551749e-05
0.90360 6.32573259e-05
0.90673 6.31598381e-05
0.90987 6.30627117e-05
0.91302 6.29659105e-05
0.91618 6.28694345e-05
0.91935 6.27733199e-05
0.92253 6.26775304e-05
0.92573 6.25821023e-05
0.92893 6.24869993e-05
0.93215 6.23922216e-05
0.93537 6.22977691e-05
0.93861 6.22036779e-05
0.94186 6.21098757e-05
0.94512 6.20164349e-05
0.94839 6.19233193e-05
0.95168 6.18304928e-05
0.95497 6.17380276e-05
0.95828 6.16458876e-05
0.96159 6.15540367e-05
0.96492 6.14625471e-05
0.96826 6.13713465e-05
0.97161 6.12804712e-05
0.97498 6.11899211e-05
0.97835 6.10996600e-05
0.98174 6.10097241e-05
0.98514 6.09201135e-05
0.98855 6.08308280e-05
0.99197 6.07418316e-05
0.99540 6.06531243e-05
0.99885 6.05647783e-05
1.00231 6.04420695e-05
1.00578 6.03025587e-05
1.00926 6.01635899e-05
1.01275 6.00250908e-05
1.01626 5.98871337e-05
1.01978 5.97496825e-05
1.02330 5.96127372e-05
1.02685 5.94762977e-05
1.03040 5.93403641e-05
1.03397 5.92049364e-05
1.03755 5.90699784e-05
1.04114 5.89355624e-05
1.04474 5.88016161e-05
1.04836 5.86681396e-05
1.05199 5.85351689e-05
1.05563 5.84027041e-05
1.05928 5.82707091e-05
1.06295 5.81392199e-05
1.06663 5.80082004e-05
1.07032 5.78776507e-05
1.07403 5.77475707e-05
1.07775 5.76179965e-05
1.08148 5.74888560e-05
1.08522 5.73602213e-05
1.08898 5.72320203e-05
1.09275 5.71043251e-05
1.09653 5.69770635e-05
1.10032 5.68506691e-05
1.10413 5.67286468e-05
1.10796 5.66070943e-05
1.11179 5.64859753e-05
1.11564 5.63652900e-05
1.11950 5.62450383e-05
1.12338 5.61252201e-05
1.12726 5.60058356e-05
1.13117 5.58868485e-05
1.13508 5.57682951e-05
1.13901 5.56501752e-05
1.14295 5.55324889e-05
1.14691 5.54152001e-05
1.15088 5.52983449e-05
1.15487 5.51818872e-05
1.15886 5.50658631e-05
1.16287 5.49502364e-05
1.16690 5.48350433e-05
1.17094 5.47202477e-05
1.17499 5.46058496e-05
1.17906 5.44918489e-05
1.18314 5.43782819e-05
1.18724 5.42650761e-05
1.19135 5.41523040e-05
1.19547 5.40399293e-05
1.19961 5.39279160e-05
1.20376 5.38200941e-05
1.20793 5.37130311e-05
1.21211 5.36063293e-05
1.21630 5.35000251e-05
1.22052 5.33941183e-05
1.22474 5.32885367e-05
1.22898 5.31833887e-05
1.23323 5.30785659e-05
1.23750 5.29741405e-05
1.24179 5.28700765e-05
1.24609 5.27663739e-05
1.25040 5.26630325e-05
1.25473 5.25600525e-05
1.25907 5.24574339e-05
1.26343 5.23552127e-05
1.26780 5.22533167e-05
1.27219 5.21517820e-05
1.27659 5.20506087e-05
1.28101 5.19497605e-05
1.28545 5.18493099e-05
1.28990 5.17491844e-05
1.29436 5.16493841e-05
1.29884 5.15499813e-05
1.30334 5.14511205e-05
1.30785 5.13526933e-05
1.31238 5.12545552e-05
1.31692 5.11567061e-05
1.32148 5.10591461e-05
1.32605 5.09619113e-05
1.33064 5.08649656e-05
1.33525 5.07683089e-05
1.33987 5.06719413e-05
1.34451 5.05758989e-05
1.34916 5.04801095e-05
1.35383 5.03846452e-05
1.35852 5.02894339e-05
1.36322 5.01945477e-05
1.36794 5.00999507e-05
1.37268 5.00056065e-05
1.37743 4.99115876e-05
1.38220 4.98178216e-05
1.38698 4.97243808e-05
1.39178 4.96311929e-05
1.39660 4.95382941e-05
1.40144 4.94322789e-05
1.40629 4.92949361e-05
1.41115 4.91581715e-05
1.41604 4.90219127e-05
1.42094 4.88861959e-05
1.42586 4.87510211e-05
1.43080 4.86163883e-05
1.43575 4.84822613e-05
1.44072 4.83486403e-05
1.44571 4.82155612e-05
1.45071 4.80829880e-05
1.45573 4.79509568e-05
1.46077 4.78194315e-05
1.46583 4.76883759e-05
1.47090 4.75578623e-05
1.47599 4.74278545e-05
1.48110 4.72983165e-05
1.48623 4.71692844e-05
1.49137 4.70407581e-05
1.49654 4.69127377e-05
1.50172 4.68021697e-05
1.50692 4.67262175e-05
1.51213 4.66505181e-05
1.51737 4.65750356e-05
1.52262 4.64997699e-05
1.52789 4.64247209e-05
1.53318 4.63499249e-05
1.53849 4.62753457e-05
1.54381 4.62010195e-05
1.54916 4.61268739e-05
1.55452 4.60529812e-05
1.55990 4.59793053e-05
1.56530 4.59058463e-05
1.57072 4.58326040e-05
1.57615 4.57595785e-05
1.58161 4.56868060e-05
1.58709 4.56142141e-05
1.59258 4.55418391e-05
1.59809 4.54696808e-05
1.60362 4.53654000e-05
1.60918 4.52444617e-05
1.61475 4.51239571e-05
1.62034 4.50038499e-05
1.62594 4.48841763e-05
1.63157 4.47649001e-05
1.63722 4.46460576e-05
1.64289 4.45276487e-05
1.64857 4.44096372e-05
1.65428 4.42920232e-05
1.66001 4.41748428e-05
1.66575 4.40580599e-05
1.67152 4.39416744e-05
1.67731 4.38257225e-05
1.68311 4.37101320e-05
1.68894 4.35949751e-05
1.69478 4.34801795e-05
1.70065 4.33718156e-05
1.70654 4.33119427e-05
1.71245 4.32522143e-05
1.71837 4.31926665e-05
1.72432 4.31332995e-05
1.73029 4.30741131e-05
1.73628 4.30150712e-05
1.74229 4.29562461e-05
1.74832 4.28975656e-05
1.75437 4.28390657e-05
1.76045 4.27807104e-05
1.76654 4.27225357e-05
1.77266 4.26645417e-05
1.77879 4.26067284e-05
1.78495 4.25490596e-05
1.79113 4.24915715e-05
1.79733 4.24342279e-05
1.80355 4.23795943e-05
1.80979 4.23270564e-05
1.81606 4.22746631e-05
1.82234 4.22224504e-05
1.82865 4.21703823e-05
1.83498 4.21184948e-05
1.84133 4.20667519e-05
1.84771 4.20151535e-05
1.85410 4.19637357e-05
1.86052 4.19124625e-05
1.86696 4.18613700e-05
1.87342 4.18104220e-05
1.87991 4.17596185e-05
1.88642 4.17089596e-05
1.89295 4.16584813e-05
1.89950 4.16081115e-05
1.90607 4.15573080e-05
1.91267 4.15065768e-05
1.91929 4.14559901e-05
1.92594 4.14055480e-05
1.93260 4.13552143e-05
1.93929 4.13050612e-05
1.94601 4.12550527e-05
1.95274 4.12051525e-05
1.95950 4.11553969e-05
1.96629 4.11057859e-05
1.97309 4.10562832e-05
1.97992 4.10069612e-05
1.98678 4.09577476e-05
1.99365 4.09086785e-05
2.00055 4.08575499e-05
2.00748 4.07818144e-05
2.01443 4.07062957e-05
2.02140 4.06309577e-05
2.02840 4.05558365e-05
2.03542 4.04808960e-05
2.04247 4.04061361e-05
2.04954 4.03315931e-05
2.05663 4.02572307e-05
2.06375 4.01830489e-05
2.07090 4.01090840e-05
2.07806 4.00352997e-05
2.08526 3.99616961e-05
2.09247 3.98883093e-05
2.09972 3.98150671e-05
2.10699 3.97420416e-05
2.11428 3.96691968e-05
2.12160 3.95965688e-05
2.12894 3.95240853e-05
2.13631 3.94518187e-05
2.14371 3.93796965e-05
2.15113 3.93077912e-05
2.15857 3.92360304e-05
2.16605 3.91644864e-05
2.17354 3.90931231e-05
2.18107 3.90219404e-05
2.18862 3.89509023e-05
2.19619 3.88800809e-05
2.20380 3.87880132e-05
2.21143 3.86748075e-05
2.21908 3.85619992e-05
2.22676 3.84495884e-05
2.23447 3.83375751e-05
2.24220 3.82259231e-05
2.24997 3.81146685e-05
2.25775 3.80038115e-05
2.26557 3.78933519e-05
2.27341 3.77832536e-05
2.28128 3.76735528e-05
2.28918 3.75642133e-05
2.29710 3.74552713e-05
2.30505 3.73466907e-05
2.31303 3.72384713e-05
2.32104 3.71306495e-05
2.32908 3.70231889e-05
2.33714 3.69160897e-05
2.34523 3.68093519e-05
2.35335 3.67030115e-05
2.36149 3.65969963e-05
2.36967 3.64913785e-05
2.37787 3.63860860e-05
2.38610 3.62811548e-05
2.39436 3.61765849e-05
2.40265 3.60882570e-05
2.41097 3.60339594e-05
2.41931 3.59797883e-05
2.42769 3.59257437e-05
2.43609 3.58718256e-05
2.44452 3.58180339e-05
2.45298 3.57643650e-05
2.46148 3.57108227e-05
2.47000 3.56574031e-05
2.47855 3.56041065e-05
2.48713 3.55509327e-05
2.49574 3.54978817e-05
2.50438 3.54449500e-05
2.51304 3.53921411e-05
2.52174 3.53394551e-05
2.53047 3.52868847e-05
2.53923 3.52344372e-05
2.54802 3.51821053e-05
2.55684 3.51298926e-05
2.56569 3.50777992e-05
2.57457 3.50258250e-05
2.58349 3.49739628e-05
2.59243 3.49222199e-05
2.60140 3.48709431e-05
2.61041 3.48216572e-05
2.61944 3.47724833e-05
2.62851 3.47234179e-05
2.63761 3.46744572e-05
2.64674 3.46256086e-05
2.65590 3.45768611e-05
2.66510 3.45282220e-05
2.67432 3.44796877e-05
2.68358 3.44312618e-05
2.69287 3.43829371e-05
2.70219 3.43347172e-05
2.71154 3.42866020e-05
2.72093 3.42385881e-05
2.73035 3.41906789e-05
2.73980 3.41428709e-05
2.74928 3.40951676e-05
2.75880 3.40475656e-05
2.76835 3.40000611e-05
2.77793 3.39526578e-05
2.78755 3.39053592e-05
2.79720 3.38581546e-05
2.80688 3.38312136e-05
2.81660 3.38125435e-05
2.82635 3.37939204e-05
2.83613 3.37753443e-05
2.84595 3.37568115e-05
2.85580 3.37383293e-05
2.86569 3.37198868e-05
2.87561 3.37014913e-05
2.88556 3.36831428e-05
2.89555 3.36648341e-05
2.90557 3.36465723e-05
2.91563 3.36283539e-05
2.92572 3.36101788e-05
2.93585 3.35920471e-05
2.94601 3.35739587e-05
2.95621 3.35559138e-05
2.96644 3.35379121e-05
2.97671 3.35199503e-05
2.98702 3.35020281e-05
2.99736 3.34841530e-05
3.00773 3.34524496e-05
3.01814 3.34160597e-05
3.02859 3.33797421e-05
3.03907 3.33434967e-05
3.04960 3.33073164e-05
3.06015 3.32712084e-05
3.07074 3.32351654e-05
3.08137 3.31991910e-05
3.09204 3.31632890e-05
3.10274 3.31274483e-05
3.11348 3.30916799e-05
3.12426 3.30559766e-05
3.13508 3.30203383e-05
3.14593 3.29847686e-05
3.15682 3.29492640e-05
3.16775 3.29138280e-05
3.17871 3.28784535e-05
3.18972 3.28431476e-05
3.20076 3.28079032e-05
3.21184 3.27727238e-05
3.22295 3.27376094e-05
3.23411 3.27025601e-05
3.24531 3.26675721e-05
3.25654 3.26326493e-05
3.26781 3.25977878e-05
3.27912 3.25629914e-05
3.29047 3.25282565e-05
3.30187 3.24935829e-05
3.31330 3.24589744e-05
3.32476 3.24244237e-05
3.33627 3.23899345e-05
3.34782 3.23555102e-05
3.35941 3.23211438e-05
3.37104 3.22868388e-05
3.38271 3.22525917e-05
3.39442 3.22184059e-05
3.40617 3.21842816e-05
3.41796 3.21502151e-05
3.42979 3.21162100e-05
3.44166 3.20822591e-05
3.45358 3.20483697e-05
3.46553 3.20145416e-05
3.47753 3.19807678e-05
3.48957 3.19470518e-05
3.50164 3.19297873e-05
3.51377 3.20168144e-05
3.52593 3.21041017e-05
3.53814 3.21916456e-05
3.55038 3.22794532e-05
3.56267 3.23675209e-05
3.57500 3.24558525e-05
3.58738 3.25444442e-05
3.59980 3.26332997e-05
3.61226 3.27224189e-05
3.62476 3.28118020e-05
3.63731 3.29014488e-05
3.64990 3.29913666e-05
3.66254 3.30815445e-05
3.67521 3.31719935e-05
3.68794 3.32627098e-05
3.70070 3.33536972e-05
3.71351 3.34449519e-05
3.72637 3.35364776e-05
3.73927 3.36282708e-05
3.75221 3.37203385e-05
3.76520 3.38126808e-05
3.77823 3.39052906e-05
3.79131 3.39981785e-05
3.80443 3.40913375e-05
3.81760 3.41847747e-05
3.83082 3.42784865e-05
3.84408 3.43724765e-05
3.85739 3.44667411e-05
3.87074 3.45612876e-05
3.88414 3.46561123e-05
3.89758 3.47512153e-05
3.91107 3.48465964e-05
3.92461 3.49422630e-05
3.93820 3.50382079e-05
3.95183 3.51344382e-05
3.96551 3.52309503e-05
3.97924 3.53277443e-05
3.99301 3.54248273e-05
4.00683 3.59059390e-05
4.02070 3.67963077e-05
4.03462 3.77088189e-05
4.04859 3.86439496e-05
4.06260 3.96022779e-05
4.07667 4.05844180e-05
4.09078 4.15909481e-05
4.10494 4.26224464e-05
4.11915 4.36795271e-05
4.13341 4.47628767e-05
4.14771 4.58731095e-05
4.16207 4.70109120e-05
4.17648 4.81769708e-05
4.19094 4.93719363e-05
4.20545 5.05966033e-05
4.22000 5.18516585e-05
4.23461 5.31378607e-05
4.24927 5.44560408e-05
4.26398 5.58068855e-05
4.27874 5.71912980e-05
4.29355 5.86101095e-05
4.30841 6.00641148e-05
4.32332 6.15542173e-05
4.33829 6.30813204e-05
4.35331 6.46463635e-05
4.36838 6.62502499e-05
4.38350 6.78939552e-05
4.39867 6.95784551e-05
4.41390 7.13047973e-05
4.42918 7.30740299e-05
4.44451 7.48871644e-05
4.45990 7.67453211e-05
4.47533 7.86496561e-05
4.49083 8.06012536e-05
4.50637 8.37870212e-05
4.52197 8.89081985e-05
4.53762 9.43423989e-05
4.55333 1.00108773e-04
4.56909 1.06227664e-04
4.58491 1.12720607e-04
4.60078 1.19610475e-04
4.61670 1.26921513e-04
4.63269 1.34679448e-04
4.64872 1.42911669e-04
4.66481 1.51647119e-04
4.68096 1.60916620e-04
4.69717 1.70752764e-04
4.71343 1.81190203e-04
4.72974 1.92265720e-04
4.74611 2.04018303e-04
4.76254 2.16489362e-04
4.77903 2.29722834e-04
4.79557 2.43765331e-04
4.81217 2.58666284e-04
4.82883 2.74478231e-04
4.84555 2.91256816e-04
4.86232 3.09061191e-04
4.87915 3.27954010e-04
4.89604 3.48001868e-04
4.91299 3.69275440e-04
4.92999 3.91849379e-04
4.94706 4.15803611e-04
4.96418 4.41222327e-04
4.98137 4.68195137e-04
4.99861 4.96816712e-04
5.01591 5.07005589e-04
5.03328 5.15642179e-04
5.05070 5.24425469e-04
5.06818 5.33358713e-04
5.08573 5.42444440e-04
5.10333 5.51684817e-04
5.12100 5.61082736e-04
5.13873 5.70640725e-04
5.15651 5.80362037e-04
5.17436 5.90248479e-04
5.19228 6.00304024e-04
5.21025 6.10530480e-04
5.22828 6.20931460e-04
5.24638 6.31509855e-04
5.26454 6.42268555e-04
5.28277 6.53210451e-04
5.30105 6.64338795e-04
5.31940 6.75656839e-04
5.33782 6.87167835e-04
5.35629 6.98875396e-04
5.37484 7.10782052e-04
5.39344 7.22891777e-04
5.41211 7.35208185e-04
5.43084 7.47734167e-04
5.44965 7.60473696e-04
5.46851 7.73430387e-04
5.48744 7.86608213e-04
5.50643 7.94874797e-04
5.52550 7.93174724e-04
5.54462 7.91477903e-04
5.56381 7.89785056e-04
5.58308 7.88095461e-04
5.60240 7.86409119e-04
5.62179 7.84726389e-04
5.64125 7.83046912e-04
5.66078 7.81371048e-04
5.68038 7.79698797e-04
5.70004 7.78029799e-04
5.71977 7.76364052e-04
5.73957 7.74701919e-04
5.75944 7.73043037e-04
5.77938 7.71387408e-04
5.79938 7.69735392e-04
5.81946 7.68086628e-04
5.83960 7.66441116e-04
5.85982 7.64799217e-04
5.88010 7.63160571e-04
5.90045 7.61525176e-04
5.92088 7.59893033e-04
5.94137 7.58264143e-04
5.96194 7.56638865e-04
5.98258 7.55016840e-04
6.00329 7.54157951e-04
6.02407 7.57342020e-04
6.04492 7.60539097e-04
6.06585 7.63749183e-04
6.08684 7.66972637e-04
6.10791 7.70208739e-04
6.12906 7.73458209e-04
6.15027 7.76721049e-04
6.17156 7.79996897e-04
6.19293 7.83286476e-04
6.21436 7.86589063e-04
6.23588 7.89905380e-04
6.25746 7.93235067e-04
6.27912 7.96578123e-04
6.30086 7.99934909e-04
6.32267 8.03305427e-04
6.34455 8.06689675e-04
6.36652 8.10087653e-04
6.38856 8.13499363e-04
6.41067 8.16925164e-04
6.43286 8.20364696e-04
6.45513 8.23817959e-04
6.47747 8.27285675e-04
6.49990 8.30767121e-04
6.52240 8.38365961e-04
6.54497 8.46052605e-04
6.56763 8.53808625e-04
6.59037 8.61634744e-04
6.61318 8.69531684e-04
6.63607 8.77500168e-04
6.65904 8.85540557e-04
6.68209 8.93653575e-04
6.70522 9.01840304e-04
6.72843 9.10100745e-04
6.75172 9.18435621e-04
6.77510 9.26846016e-04
6.79855 9.35332652e-04
6.82208 9.43895891e-04
6.84570 9.52536093e-04
6.86939 9.61254705e-04
6.89317 9.70052088e-04
6.91704 9.78928964e-04
6.94098 9.87886056e-04
6.96500 9.96923725e-04
6.98911 1.00604342e-03
7.01331 1.02236304e-03
7.03759 1.04490699e-03
7.06195 1.06794343e-03
7.08639 1.09148249e-03
7.11092 1.11553537e-03
7.13554 1.14011326e-03
7.16024 1.16522701e-03
7.18502 1.19088890e-03
7.20990 1.21711086e-03
7.23485 1.24390481e-03
7.25990 1.27128304e-03
7.28503 1.29925819e-03
7.31025 1.32784363e-03
7.33555 1.35705237e-03
7.36094 1.38689815e-03
7.38642 1.41739432e-03
7.41199 1.44855570e-03
7.43765 1.48039604e-03
7.46340 1.51293049e-03
7.48923 1.54617424e-03
7.51516 1.67857689e-03
7.54117 1.90238351e-03
7.56727 2.15598675e-03
7.59347 2.44335045e-03
7.61975 2.76896346e-03
7.64613 3.13791297e-03
7.67260 3.55596083e-03
7.69916 4.02963631e-03
7.72581 4.56633193e-03
7.75255 5.17442341e-03
7.77939 5.86340659e-03
7.80632 6.64402751e-03
7.83334 7.52846311e-03
7.86046 8.53049825e-03
7.88767 9.66574977e-03
7.91497 1.09519013e-02
7.94237 1.24089635e-02
7.96986 1.40595848e-02
7.99745 1.59293908e-02
8.02513 1.77783118e-02
8.05291 1.98105372e-02
8.08079 2.20737702e-02
8.10876 2.45939149e-02
8.13683 2.73995779e-02
8.16500 3.05223072e-02
8.19326 3.39967693e-02
8.22162 3.67822157e-02
8.25008 3.94344024e-02
8.27864 4.22733623e-02
8.30730 4.53111277e-02
8.33605 4.85602009e-02
8.36491 5.20334815e-02
8.39386 5.57443025e-02
8.42292 5.88344613e-02
8.45208 6.18439705e-02
8.48133 6.50000004e-02
8.51069 6.83088381e-02
8.54016 7.17770961e-02
8.56972 7.54117843e-02
8.59938 7.92203821e-02
8.62915 8.23189600e-02
8.65902 8.55165432e-02
8.68899 8.88366907e-02
8.71907 9.22856173e-02
8.74925 9.58701163e-02
8.77954 9.95980645e-02
8.80993 1.03277052e-01
8.84043 1.06676621e-01
8.87103 1.10207787e-01
8.90174 1.13879548e-01
8.93255 1.17701840e-01
8.96347 1.21685793e-01
8.99450 1.25843583e-01
9.02563 1.29536808e-01
9.05688 1.33232417e-01
9.08823 1.37069885e-01
9.11969 1.41053513e-01
9.15126 1.45187130e-01
9.18294 1.49474169e-01
9.21472 1.53180040e-01
9.24662 1.56095783e-01
9.27863 1.59038952e-01
9.31075 1.62003005e-01
9.34298 1.64980898e-01
9.37532 1.67965294e-01
9.40777 1.70523643e-01
9.44034 1.71674887e-01
9.47302 1.72736014e-01
9.50581 1.73702075e-01
9.53871 1.74568408e-01
9.57173 1.75330677e-01
9.60487 1.75745596e-01
9.63811 1.74668317e-01
9.67148 1.73501246e-01
9.70495 1.72245613e-01
9.73855 1.70902753e-01
9.77226 1.69474258e-01
9.80609 1.67712541e-01
9.84003 1.64776564e-01
9.87409 1.61837731e-01
9.90827 1.58897273e-01
9.94257 1.55956417e-01
9.97699 1.53016464e-01
10.01153 1.49923632e-01
10.04618 1.46556186e-01
10.08096 1.43239832e-01
10.11585 1.39973813e-01
10.15087 1.36757440e-01
10.18601 1.33590028e-01
10.22127 1.30322491e-01
10.25665 1.27024457e-01
10.29215 1.23797136e-01
10.32778 1.20638902e-01
10.36353 1.17548165e-01
10.39941 1.14523480e-01
10.43540 1.11484161e-01
10.47153 1.08517542e-01
10.50777 1.05623189e-01
10.54415 1.02799297e-01
10.58065 1.00044131e-01
10.61727 9.71616661e-02
10.65403 9.41455807e-02
10.69091 9.12183109e-02
10.72791 8.83772553e-02
10.76505 8.56199207e-02
10.80231 8.29158465e-02
10.83971 7.98837179e-02
10.87723 7.69594472e-02
10.91488 7.41394935e-02
10.95266 7.14202433e-02
10.99058 6.87983364e-02
11.02862 6.60889507e-02
11.06680 6.34266467e-02
11.10511 6.08695629e-02
11.14355 5.84137971e-02
11.18212 5.60554467e-02
11.22083 5.36278648e-02
11.25967 5.11697864e-02
11.29865 4.88226012e-02
11.33776 4.65815396e-02
11.37701 4.44420488e-02
11.41639 4.21686840e-02
11.45591 3.97037041e-02
11.49556 3.73809089e-02
11.53536 3.51924322e-02
11.57529 3.31307473e-02
11.61536 3.11257989e-02
11.65556 2.91450889e-02
11.69591 2.72882149e-02
11.73640 2.55477120e-02
11.77702 2.39165269e-02
11.81779 2.24702432e-02
11.85870 2.12095837e-02
11.89975 2.00172524e-02
11.94094 1.88897370e-02
11.98227 1.78236953e-02
12.02375 1.73304464e-02
12.06537 1.72333308e-02
12.10714 1.71354095e-02
12.14905 1.70367185e-02
12.19110 1.69372796e-02
12.23330 1.68371288e-02
12.27565 1.67362915e-02
12.31814 1.66347966e-02
12.36078 1.65326730e-02
12.40357 1.64299459e-02
12.44651 1.63266515e-02
12.48959 1.62228152e-02
12.53283 1.63446351e-02
12.57621 1.65399466e-02
12.61974 1.67372310e-02
12.66343 1.69365099e-02
12.70726 1.71377943e-02
12.75125 1.73411093e-02
12.79539 1.75464659e-02
12.83968 1.77538821e-02
12.88413 1.79633795e-02
12.92873 1.81749763e-02
12.97348 1.83886869e-02
13.01839 1.85465065e-02
13.06345 1.86212338e-02
13.10867 1.86961093e-02
13.15405 1.87711294e-02
13.19959 1.88462903e-02
13.24528 1.89215994e-02
13.29113 1.89970530e-02
13.33713 1.90726512e-02
13.38330 1.91483903e-02
13.42963 1.92242775e-02
13.47612 1.93003056e-02
13.52277 1.93726265e-02
13.56958 1.94409402e-02
13.61655 1.95092539e-02
13.66368 1.95775675e-02
13.71098 1.96458812e-02
13.75844 1.97141949e-02
13.80607 1.97825086e-02
13.85386 1.98508187e-02
13.90182 1.99191287e-02
13.94994 1.99874388e-02
13.99823 2.00557452e-02
14.04668 2.00844459e-02
14.09531 2.01114123e-02
14.14410 2.01381509e-02
14.19306 2.01646619e-02
14.24219 2.01909453e-02
14.29149 2.02170047e-02
14.34096 2.02428328e-02
14.39060 2.02684369e-02
14.44042 2.02938133e-02
14.49041 2.03189693e-02
14.54057 2.04617177e-02
14.59090 2.06331631e-02
14.64141 2.08054902e-02
14.69209 2.09787098e-02
14.74295 2.11528219e-02
14.79398 2.13278301e-02
14.84519 2.15037380e-02
14.89658 2.16805528e-02
14.94814 2.18582710e-02
14.99989 2.20369034e-02
15.05181 2.25994560e-02
15.10392 2.31761260e-02
15.15620 2.37664073e-02
15.20866 2.43706036e-02
15.26131 2.49890292e-02
15.31414 2.56220021e-02
15.36715 2.62698475e-02
15.42034 2.69329014e-02
15.47372 2.76114962e-02
15.52729 2.84589566e-02
15.58103 2.94842472e-02
15.63497 3.05454181e-02
15.68909 3.16437016e-02
15.74340 3.27803840e-02
15.79790 3.39567914e-02
15.85258 3.51743077e-02
15.90746 3.64343601e-02
15.96252 3.77384483e-02
16.01778 3.90406575e-02
16.07323 4.02842945e-02
16.12886 4.15680757e-02
16.18470 4.28934103e-02
16.24072 4.42618880e-02
16.29694 4.56750265e-02
16.35335 4.71345603e-02
16.40996 4.86422959e-02
16.46677 5.02001845e-02
16.52377 5.16489867e-02
16.58097 5.29102929e-02
16.63836 5.42047696e-02
16.69596 5.55335368e-02
16.75375 5.68977869e-02
16.81175 5.82986763e-02
16.86994 5.97375417e-02
16.92834 6.12157203e-02
16.98694 6.27345849e-02
17.04574 6.38240049e-02
17.10474 6.47961723e-02
17.16395 6.57830459e-02
17.22337 6.67846619e-02
17.28299 6.78010925e-02
17.34281 6.88324463e-02
17.40285 6.98787592e-02
17.46309 7.09399952e-02
17.52354 7.18288391e-02
17.58420 7.24278213e-02
17.64507 7.30264061e-02
17.70615 7.36242683e-02
17.76744 7.42210103e-02
17.82894 7.48163431e-02
17.89066 7.54098692e-02
17.95259 7.60012273e-02
18.01473 7.64709607e-02
18.07709 7.65504540e-02
18.13967 7.66210947e-02
18.20246 7.66827743e-02
18.26547 7.67353121e-02
18.32870 7.67786721e-02
18.39214 7.68126375e-02
18.45581 7.68370997e-02
18.51969 7.67589795e-02
18.58380 7.64642399e-02
18.64813 7.61632131e-02
18.71268 7.58558991e-02
18.77746 7.55423701e-02
18.84246 7.52226985e-02
18.90768 7.48969204e-02
18.97313 7.45651441e-02
19.03881 7.41034685e-02
19.10472 7.35536999e-02
19.17085 7.30026665e-02
19.23721 7.24504408e-02
19.30380 7.18971672e-02
19.37062 7.13428457e-02
19.43768 7.07875848e-02
19.50496 7.02257476e-02
19.57248 6.95934865e-02
19.64023 6.89639355e-02
19.70822 6.83371667e-02
19.77644 6.77132163e-02
19.84490 6.70920481e-02
19.91359 6.64736984e-02
19.98252 6.58581671e-02
20.05169 6.52162223e-02
20.12110 6.45692188e-02
20.19076 6.39273463e-02
20.26065 6.32905324e-02
20.33078 6.26587772e-02
20.40116 6.20320445e-02
20.47178 6.14102983e-02
20.54264 6.07934661e-02
20.61375 6.01815843e-02
20.68511 5.95745443e-02
20.75671 5.89723823e-02
20.82856 5.83750260e-02
20.90066 5.77824755e-02
20.97301 5.71946584e-02
21.04561 5.66516105e-02
21.11846 5.61366744e-02
21.19157 5.56260020e-02
21.26492 5.51195211e-02
21.33853 5.46172316e-02
21.41240 5.41190975e-02
21.48652 5.36250825e-02
21.56090 5.31351507e-02
21.63553 5.26492657e-02
21.71043 5.21674277e-02
21.78558 5.16895644e-02
21.86099 5.12156396e-02
21.93666 5.07456533e-02
22.01260 5.02897591e-02
22.08880 4.98884261e-02
22.16526 4.94900923e-02
22.24199 4.90946852e-02
22.31898 4.87022411e-02
22.39624 4.83126876e-02
22.47377 4.79260248e-02
22.55156 4.75422165e-02
22.62962 4.71612628e-02
22.70796 4.67831275e-02
22.78656 4.64078105e-02
22.86544 4.60352397e-02
22.94459 4.56654873e-02
23.02402 4.53145243e-02
23.10372 4.50029104e-02
23.18369 4.46933200e-02
23.26394 4.43857169e-02
23.34447 4.40800651e-02
23.42528 4.37764005e-02
23.50637 4.34746511e-02
23.58774 4.31748167e-02
23.66939 4.28769335e-02
23.75133 4.25809653e-02
23.83354 4.22868761e-02
23.91604 4.19947020e-02
23.99883 4.17043707e-02
24.08191 4.14177611e-02
24.16527 4.11330304e-02
24.24892 4.08500703e-02
24.33286 4.05689168e-02
24.41709 4.02895339e-02
24.50161 4.00119215e-02
24.58642 3.97360435e-02
24.67153 3.94619360e-02
24.75693 3.91895629e-02
24.84263 3.89189243e-02
24.92863 3.86499839e-02
25.01492 3.83821275e-02
25.10151 3.81130064e-02
25.18840 3.78456559e-02
25.27559 3.75800397e-02
25.36309 3.73161941e-02
25.45088 3.70540829e-02
25.53898 3.67937061e-02
25.62739 3.65350276e-02
25.71610 3.62780473e-02
25.80512 3.60227906e-02
25.89444 3.57691997e-02
25.98408 3.55172853e-02
26.07403 3.52725362e-02
26.16428 3.50305295e-02
26.25485 3.47900658e-02
26.34574 3.45511305e-02
26.43694 3.43137129e-02
26.52845 3.40778092e-02
26.62028 3.38434086e-02
26.71243 3.36105004e-02
26.80489 3.33790808e-02
26.89768 3.31491319e-02
26.99079 3.29206536e-02
27.08422 3.26820688e-02
27.17798 3.24438526e-02
27.27205 3.22072660e-02
27.36646 3.19723018e-02
27.46119 3.17389455e-02
27.55625 3.15071899e-02
27.65164 3.12770206e-02
27.74736 3.10484339e-02
27.84341 3.08214117e-02
27.93979 3.05959506e-02
28.03650 3.03742003e-02
28.13355 3.01575268e-02
28.23094 2.99423130e-02
28.32867 2.97285482e-02
28.42673 2.95162288e-02
28.52513 2.93053402e-02
28.62387 2.90958716e-02
28.72295 2.88878231e-02
28.82238 2.86811766e-02
28.92215 2.84759248e-02
29.02227 2.82686387e-02
29.12273 2.80508740e-02
29.22354 2.78347099e-02
29.32470 2.76201321e-02
29.42621 2.74071297e-02
29.52807 2.71956883e-02
29.63029 2.69858042e-02
29.73286 2.67774630e-02
29.83578 2.65706503e-02
29.93906 2.63653587e-02
30.04269 2.61563093e-02
30.14669 2.59413738e-02
30.25104 2.57281330e-02
30.35576 2.55165795e-02
30.46084 2.53066954e-02
30.56628 2.50984699e-02
30.67209 2.48918920e-02
30.77826 2.46869473e-02
30.88481 2.44836215e-02
30.99172 2.42819071e-02
31.09900 2.40817863e-02
31.20665 2.38832517e-02
31.31467 2.36862889e-02
31.42307 2.34908834e-02
31.53184 2.32970281e-02
31.64099 2.31047084e-02
31.75052 2.29139136e-02
31.86043 2.27246291e-02
31.97072 2.25368478e-02
32.08139 2.23383674e-02
32.19244 2.21372312e-02
32.30388 2.19378547e-02
32.41570 2.17402198e-02
32.52791 2.15443193e-02
32.64051 2.13501352e-02
32.75349 2.11576493e-02
32.86687 2.09668545e-02
32.98064 2.07777290e-02
33.09481 2.05902656e-02
33.20937 2.04044427e-02
33.32433 2.02202531e-02
33.43968 2.00376786e-02
33.55544 1.98567084e-02
33.67159 1.96773245e-02
33.78815 1.94995195e-02
33.90511 1.93232756e-02
34.02247 1.91483867e-02
34.14024 1.89742204e-02
34.25842 1.88016114e-02
34.37701 1.86305418e-02
34.49601 1.84610006e-02
34.61542 1.82929733e-02
34.73525 1.81264493e-02
34.85549 1.79614139e-02
34.97614 1.77978527e-02
35.09721 1.76357550e-02
35.21871 1.74751098e-02
35.34062 1.73158991e-02
35.46295 1.71581157e-02
35.58571 1.70017451e-02
35.70889 1.68467764e-02
35.83250 1.66931953e-02
35.95654 1.65409909e-02
36.08101 1.63913483e-02
36.20590 1.62436786e-02
36.33123 1.60973169e-02
36.45700 1.59522524e-02
36.58320 1.58084743e-02
36.70983 1.56659716e-02
36.83691 1.55247373e-02
36.96442 1.53847531e-02
37.09238 1.52460119e-02
37.22077 1.51085029e-02
37.34962 1.49722116e-02
37.47890 1.48371344e-02
37.60864 1.47032604e-02
37.73883 1.45705715e-02
37.86946 1.44390643e-02
38.00055 1.43087494e-02
38.13209 1.41854950e-02
38.26409 1.40632848e-02
38.39654 1.39421189e-02
38.52946 1.38219828e-02
38.66283 1.37028693e-02
38.79667 1.35847711e-02
38.93096 1.34676774e-02
39.06573 1.33515810e-02
39.20096 1.32364747e-02
39.33665 1.31223512e-02
39.47282 1.30091960e-02
39.60946 1.28970092e-02
39.74657 1.27857800e-02
39.88416 1.26754975e-02
40.02222 1.25682465e-02
40.16076 1.24727100e-02
40.29978 1.23778925e-02
40.43928 1.22837868e-02
40.57926 1.21903966e-02
40.71973 1.20977074e-02
40.86069 1.20057155e-02
41.00213 1.19144174e-02
41.14406 1.18238095e-02
41.28648 1.17338845e-02
41.42940 1.16446387e-02
41.57281 1.15560651e-02
41.71672 1.14681599e-02
41.86113 1.13809196e-02
42.00603 1.12943333e-02
42.15144 1.12084046e-02
42.29735 1.11231227e-02
42.44377 1.10384876e-02
42.59069 1.09544885e-02
42.73812 1.08711253e-02
42.88606 1.07883908e-02
43.03451 1.07062814e-02
43.18348 1.06247899e-02
43.33297 1.05439162e-02
43.48297 1.04636569e-02
43.63349 1.03840009e-02
43.78453 1.03049448e-02
43.93609 1.02264885e-02
44.08818 1.01486284e-02
44.24079 1.00713537e-02
44.39394 9.99466428e-03
44.54761 9.91855303e-03
44.70182 9.84301629e-03
44.85655 9.76805408e-03
45.01183 9.69407469e-03
45.16764 9.62569597e-03
45.32399 9.55779421e-03
45.48089 9.49036580e-03
45.63832 9.42341435e-03
45.79630 9.35693263e-03
45.95483 9.29091703e-03
46.11391 9.22536393e-03
46.27353 9.16026973e-03
46.43371 9.09563081e-03
46.59445 9.03145079e-03
46.75574 8.96771881e-03
46.91759 8.90443128e-03
47.08000 8.84159180e-03
47.24297 8.77918953e-03
47.40650 8.71722809e-03
47.57060 8.65570387e-03
47.73527 8.59460963e-03
47.90051 8.53394176e-03
48.06633 8.47370388e-03
48.23271 8.41388515e-03
48.39967 8.35448917e-03
48.56721 8.29551235e-03
48.73533 8.23694744e-03
48.90403 8.17879084e-03
49.07332 8.12104616e-03
49.24319 8.06370617e-03
49.41365 8.00677088e-03
49.58470 7.95023667e-03
49.75634 7.89409631e-03
49.92858 7.83834980e-03
50.10141 7.78233591e-03
50.27484 7.72625336e-03
50.44887 7.67057189e-03
50.62350 7.61528789e-03
50.79874 7.56040497e-03
50.97458 7.50591229e-03
51.15104 7.45180985e-03
51.32810 7.39809765e-03
51.50578 7.34477208e-03
51.68407 7.29182591e-03
51.86298 7.23925913e-03
52.04250 7.18707176e-03
52.22265 7.13525656e-03
52.40343 7.08381715e-03
52.58482 7.03274268e-03
52.76685 6.98203677e-03
52.94951 6.93169581e-03
53.13280 6.88171257e-03
53.31672 6.83209067e-03
53.50128 6.78282287e-03
53.68648 6.73391279e-03
53.87232 6.68534959e-03
54.05880 6.63713688e-03
54.24593 6.58927105e-03
54.43371 6.54174488e-03
54.62214 6.49456559e-03
54.81122 6.44772233e-03
55.00095 6.40123319e-03
55.19134 6.35891021e-03
55.38239 6.31686908e-03
55.57410 6.27510256e-03
55.76647 6.23361065e-03
55.95951 6.19239336e-03
56.15322 6.15144707e-03
56.34760 6.11077177e-03
56.54265 6.07036387e-03
56.73838 6.03021973e-03
56.93479 5.99034299e-03
57.13187 5.95073001e-03
57.32964 5.91137720e-03
57.52809 5.87228455e-03
57.72723 5.83344844e-03
57.92705 5.79486527e-03
58.12757 5.75654225e-03
58.32879 5.71846856e-03
58.53070 5.68064780e-03
58.73331 5.64307275e-03
58.93662 5.60575063e-03
59.14063 5.56867060e-03
59.34535 5.53183628e-03
59.55078 5.49524405e-03
59.75692 5.45889392e-03
59.96377 5.42278588e-03
60.17134 5.38201664e-03
60.37963 5.34052473e-03
60.58864 5.29935441e-03
60.79837 5.25849484e-03
61.00883 5.21795324e-03
61.22002 5.17772239e-03
61.43194 5.13779867e-03
61.64459 5.09818208e-03
61.85797 5.05887263e-03
62.07210 5.01986308e-03
62.28697 4.98115344e-03
62.50258 4.94274009e-03
62.71894 4.90462304e-03
62.93605 4.86679867e-03
63.15390 4.82926697e-03
63.37252 4.79202073e-03
63.59189 4.75505995e-03
63.81201 4.71838461e-03
64.03290 4.68199112e-03
64.25456 4.64587947e-03
64.47698 4.61004243e-03
64.70017 4.57448361e-03
64.92414 4.53919580e-03
65.14888 4.50941471e-03
65.37440 4.48248092e-03
65.60070 4.45570973e-03
65.82778 4.42909753e-03
66.05565 4.40264432e-03
66.28430 4.37635009e-03
66.51375 4.35021124e-03
66.74400 4.32422776e-03
66.97504 4.29839965e-03
67.20688 4.27272692e-03
67.43952 4.24720595e-03
67.67297 4.22183673e-03
67.90722 4.19661928e-03
68.14229 4.17155359e-03
68.37817 4.14663604e-03
68.61486 4.12186664e-03
68.85238 4.09724539e-03
69.09072 4.07277228e-03
69.32988 4.04844371e-03
69.56987 4.02425967e-03
69.81069 4.00022016e-03
70.05235 3.97551580e-03
70.29484 3.94804363e-03
70.53817 3.92076296e-03
70.78235 3.89367019e-03
71.02737 3.86676531e-03
71.27323 3.84004471e-03
71.51995 3.81350477e-03
71.76752 3.78715273e-03
72.01595 3.76098136e-03
72.26524 3.73498704e-03
72.51539 3.70917339e-03
72.76641 3.68354040e-03
73.01830 3.65808085e-03
73.27106 3.63279836e-03
73.52469 3.60768967e-03
73.77920 3.58275405e-03
74.03460 3.55799007e-03
74.29087 3.53339701e-03
74.54804 3.50897304e-03
74.80609 3.48471782e-03
75.06504 3.45885105e-03
75.32488 3.42790791e-03
75.58563 3.39724082e-03
75.84727 3.36684727e-03
76.10982 3.33672472e-03
76.37328 3.30687063e-03
76.63766 3.27728285e-03
76.90295 3.24795885e-03
77.16915 3.21889645e-03
77.43628 3.19009348e-03
77.70433 3.16154707e-03
77.97331 3.13325575e-03
78.24322 3.10521628e-03
78.51407 3.07742722e-03
78.78585 3.04988639e-03
79.05857 3.02259091e-03
79.33224 2.99553897e-03
79.60686 2.96872876e-03
79.88242 2.94215739e-03
80.15894 2.91881381e-03
80.43642 2.89785539e-03
80.71486 2.87704693e-03
80.99426 2.85638806e-03
81.27463 2.83587697e-03
81.55596 2.81551259e-03
81.83828 2.79529454e-03
82.12157 2.77522139e-03
82.40584 2.75529205e-03
82.69109 2.73550580e-03
82.97733 2.71586119e-03
83.26457 2.69635714e-03
83.55279 2.67699328e-03
83.84202 2.65776818e-03
84.13225 2.63868075e-03
84.42348 2.61973026e-03
84.71572 2.60091563e-03
85.00897 2.58223579e-03
85.30323 2.56368999e-03
85.59852 2.54527717e-03
85.89482 2.52699659e-03
86.19215 2.50884682e-03
86.49052 2.49082712e-03
86.78991 2.47293679e-03
87.09034 2.45517473e-03
87.39181 2.43754021e-03
87.69432 2.42003181e-03
87.99789 2.40264914e-03
88.30250 2.38539114e-03
88.60816 2.36825708e-03
88.91489 2.35124586e-03
89.22267 2.33435642e-03
89.53153 2.31758803e-03
89.84145 2.30094031e-03
90.15244 2.28441184e-03
90.46451 2.26800189e-03
90.77766 2.25170937e-03
91.09190 2.23553428e-03
91.40722 2.21947482e-03
91.72363 2.20353063e-03
92.04114 2.18770098e-03
92.35975 2.17198478e-03
92.67946 2.15638097e-03
93.00028 2.14088952e-03
93.32221 2.12550937e-03
93.64525 2.11023906e-03
93.96941 2.09507860e-03
94.29469 2.08002690e-03
94.62110 2.06508323e-03
94.94864 2.05024653e-03
95.27731 2.03551677e-03
95.60712 2.02089217e-03
95.93807 2.00637271e-03
96.27017 1.99195768e-03
96.60342 1.97764563e-03
96.93782 1.96343655e-03
97.27338 1.94932938e-03
97.61010 1.93532337e-03
97.94798 1.92141818e-03
98.28704 1.90761236e-03
98.62727 1.89390590e-03
98.96867 1.88029773e-03
99.31126 1.86678711e-03
99.65504 1.85337370e-03
100.00000 1.84005640e-03
